            0.999994814396           -0.000001180752
            0.999974131584           -0.000005902941
            0.999932646751           -0.000015344047
            0.999870538712           -0.000029497520
            0.999787688255           -0.000048353519
            0.999684214592           -0.000071898896
            0.999560117722           -0.000100117097
            0.999415338039           -0.000132988032
            0.999249935150           -0.000170488056
            0.999063968658           -0.000212590443
            0.998857498169           -0.000259265595
            0.998630464077           -0.000310480944
            0.998383045197           -0.000366200868
            0.998115181923           -0.000426386163
            0.997826933861           -0.000490994833
            0.997518301010           -0.000559982378
            0.997189521790           -0.000633300981
            0.996840357780           -0.000710900291
            0.996471047401           -0.000792727573
            0.996081590652           -0.000878727296
            0.995672106743           -0.000968841603
            0.995242536068           -0.001063010306
            0.994792997837           -0.001161171123
            0.994323492050           -0.001263259677
            0.993834137917           -0.001369210193
            0.993324875832           -0.001478954102
            0.992795944214           -0.001592421904
            0.992247164249           -0.001709542819
            0.991678714752           -0.001830244204
            0.991090714931           -0.001954452367
            0.990483105183           -0.002082092687
            0.989855945110           -0.002213089494
            0.989209294319           -0.002347365953
            0.988543212414           -0.002484844998
            0.987857758999           -0.002625449095
            0.987152934074           -0.002769100247
            0.986428856850           -0.002915719291
            0.985685527325           -0.003065227764
            0.984923005104           -0.003217547666
            0.984141290188           -0.003372599371
            0.983340442181           -0.003530304413
            0.982520580292           -0.003690584097
            0.981681704521           -0.003853361122
            0.980823874474           -0.004018557258
            0.979947090149           -0.004186094739
            0.979051470757           -0.004355896730
            0.978137016296           -0.004527888261
            0.977203726768           -0.004701993428
            0.976251721382           -0.004878136329
            0.975281000137           -0.005056243390
            0.974291622639           -0.005236242898
            0.973283648491           -0.005418061744
            0.972257137299           -0.005601627752
            0.971212089062           -0.005786871072
            0.970148563385           -0.005973722786
            0.969066619873           -0.006162114441
            0.967966318130           -0.006351978052
            0.966847658157           -0.006543247961
            0.965710759163           -0.006735858042
            0.964555621147           -0.006929745898
            0.963382363319           -0.007124847732
            0.962190866470           -0.007321101613
            0.960981369019           -0.007518447936
            0.959753751755           -0.007716825698
            0.958508253098           -0.007916178554
            0.957244753838           -0.008116447367
            0.955963373184           -0.008317577653
            0.954664230347           -0.008519515395
            0.953347206116           -0.008722204715
            0.952012538910           -0.008925593458
            0.950660109520           -0.009129632264
            0.949290156364           -0.009334271774
            0.947902619839           -0.009539459832
            0.946497559547           -0.009745150805
            0.945075035095           -0.009951299056
            0.943635165691           -0.010157857090
            0.942177951336           -0.010364782065
            0.940703392029           -0.010572030209
            0.939211726189           -0.010779559612
            0.937702775002           -0.010987330228
            0.936176776886           -0.011195299216
            0.934633731842           -0.011403432116
            0.933073639870           -0.011611688882
            0.931496679783           -0.011820032261
            0.929902851582           -0.012028427795
            0.928292214870           -0.012236841023
            0.926664829254           -0.012445239350
            0.925020813942           -0.012653587386
            0.923360228539           -0.012861857191
            0.921683073044           -0.013070018962
            0.919989347458           -0.013278039172
            0.918279290199           -0.013485891744
            0.916552901268           -0.013693550602
            0.914810180664           -0.013900987804
            0.913051307201           -0.014108177274
            0.911276280880           -0.014315092936
            0.909485161304           -0.014521716163
            0.907678067684           -0.014728020877
            0.905855059624           -0.014933986589
            0.904016137123           -0.015139590949
            0.902161478996           -0.015344815329
            0.900291085243           -0.015549642034
            0.898405075073           -0.015754049644
            0.896503508091           -0.015958022326
            0.894586443901           -0.016161546111
            0.892653942108           -0.016364600509
            0.890706121922           -0.016567176208
            0.888743042946           -0.016769256443
            0.886764764786           -0.016970831901
            0.884771466255           -0.017171885818
            0.882763028145           -0.017372407019
            0.880739688873           -0.017572391778
            0.878701448441           -0.017771823332
            0.876648426056           -0.017970696092
            0.874580740929           -0.018169004470
            0.872498452663           -0.018366735429
            0.870401561260           -0.018563890830
            0.868290185928           -0.018760461360
            0.866164505482           -0.018956441432
            0.864024519920           -0.019151829183
            0.861870288849           -0.019346624613
            0.859701991081           -0.019540820271
            0.857519626617           -0.019734416157
            0.855323314667           -0.019927415997
            0.853113114834           -0.020119817927
            0.850889146328           -0.020311621949
            0.848651528358           -0.020502831787
            0.846400260925           -0.020693451166
            0.844135522842           -0.020883485675
            0.841857373714           -0.021072937176
            0.839565873146           -0.021261811256
            0.837261080742           -0.021450117230
            0.834943234921           -0.021637856960
            0.832612276077           -0.021825045347
            0.830268442631           -0.022011686116
            0.827911734581           -0.022197790444
            0.825542211533           -0.022383365780
            0.823160052299           -0.022568427026
            0.820765256882           -0.022752981633
            0.818357944489           -0.022937051952
            0.815938234329           -0.023120645434
            0.813506364822           -0.023303775117
            0.811062216759           -0.023486457765
            0.808605909348           -0.023668710142
            0.806137681007           -0.023850547150
            0.803657531738           -0.024031985551
            0.801165580750           -0.024213042110
            0.798661947250           -0.024393731728
            0.796146750450           -0.024574082345
            0.793619930744           -0.024754114449
            0.791081786156           -0.024933841079
            0.788532376289           -0.025113280863
            0.785971760750           -0.025292459875
            0.783400058746           -0.025471400470
            0.780817270279           -0.025650121272
            0.778223693371           -0.025828648359
            0.775619328022           -0.026006998494
            0.773004293442           -0.026185195893
            0.770378708839           -0.026363268495
            0.767742633820           -0.026541229337
            0.765096187592           -0.026719110087
            0.762439489365           -0.026896929368
            0.759772658348           -0.027074707672
            0.757095813751           -0.027252465487
            0.754409074783           -0.027430225164
            0.751712560654           -0.027608014643
            0.749006271362           -0.027785845101
            0.746290326118           -0.027963738889
            0.743564963341           -0.028141714633
            0.740830302238           -0.028319785371
            0.738086283207           -0.028497969732
            0.735333144665           -0.028676282614
            0.732571005821           -0.028854738921
            0.729799866676           -0.029033342376
            0.727019965649           -0.029212106019
            0.724231362343           -0.029391039163
            0.721434235573           -0.029570143670
            0.718628525734           -0.029749419540
            0.715814590454           -0.029928872362
            0.712992191315           -0.030108490959
            0.710161566734           -0.030288269743
            0.707322835922           -0.030468203127
            0.704475998878           -0.030648272485
            0.701621294022           -0.030828464776
            0.698758721352           -0.031008761376
            0.695888400078           -0.031189138070
            0.693010568619           -0.031369570643
            0.690125286579           -0.031550023705
            0.687232613564           -0.031730465591
            0.684332668781           -0.031910862774
            0.681425571442           -0.032091163099
            0.678511500359           -0.032271325588
            0.675590395927           -0.032451294363
            0.672662556171           -0.032631017268
            0.669728040695           -0.032810438424
            0.666786909103           -0.032989490777
            0.663839340210           -0.033168107271
            0.660885453224           -0.033346213400
            0.657925248146           -0.033523738384
            0.654958963394           -0.033700603992
            0.651986718178           -0.033876728266
            0.649008512497           -0.034052021801
            0.646024584770           -0.034226402640
            0.643035054207           -0.034399770200
            0.640039920807           -0.034572035074
            0.637039363384           -0.034743100405
            0.634033501148           -0.034912869334
            0.631022453308           -0.035081237555
            0.628006339073           -0.035248100758
            0.624985218048           -0.035413358361
            0.621959328651           -0.035576902330
            0.618928670883           -0.035738632083
            0.615893423557           -0.035898476839
            0.612853705883           -0.036056406796
            0.609809637070           -0.036212369800
            0.606761336327           -0.036366328597
            0.603708863258           -0.036518245935
            0.600652337074           -0.036668077111
            0.597591996193           -0.036815777421
            0.594527840614           -0.036961317062
            0.591459989548           -0.037104666233
            0.588388681412           -0.037245787680
            0.585313975811           -0.037384662777
            0.582235932350           -0.037521257997
            0.579154670238           -0.037655539811
            0.576070427895           -0.037787493318
            0.572983264923           -0.037917084992
            0.569893240929           -0.038044288754
            0.566800475121           -0.038169078529
            0.563705205917           -0.038291431963
            0.560607433319           -0.038411326706
            0.557507336140           -0.038528736681
            0.554405033588           -0.038643635809
            0.551300644875           -0.038756005466
            0.548194229603           -0.038865827024
            0.545086026192           -0.038973074406
            0.541976094246           -0.039077725261
            0.538864493370           -0.039179764688
            0.535751402378           -0.039279174060
            0.532636940479           -0.039375931025
            0.529521286488           -0.039470016956
            0.526404500008           -0.039561416954
            0.523286700249           -0.039650116116
            0.520167946815           -0.039736099541
            0.517048537731           -0.039819344878
            0.513928413391           -0.039899840951
            0.510807752609           -0.039977572858
            0.507686734200           -0.040052533150
            0.504565477371           -0.040124714375
            0.501443982124           -0.040194090456
            0.498322486877           -0.040260657668
            0.495201081038           -0.040324404836
            0.492079883814           -0.040385324508
            0.488959014416           -0.040443409234
            0.485838592052           -0.040498647839
            0.482718795538           -0.040551029146
            0.479599595070           -0.040600560606
            0.476481258869           -0.040647223592
            0.473363876343           -0.040691021830
            0.470247566700           -0.040731944144
            0.467132449150           -0.040769994259
            0.464018583298           -0.040805168450
            0.460906147957           -0.040837459266
            0.457795321941           -0.040866877884
            0.454686105251           -0.040893420577
            0.451578676701           -0.040917083621
            0.448473215103           -0.040937855840
            0.445369780064           -0.040955755860
            0.442268460989           -0.040970794857
            0.439169406891           -0.040982965380
            0.436072796583           -0.040992274880
            0.432978689671           -0.040998730808
            0.429887264967           -0.041002340615
            0.426798582077           -0.041003108025
            0.423712760210           -0.041001044214
            0.420629948378           -0.040996160358
            0.417550265789           -0.040988460183
            0.414473891258           -0.040977958590
            0.411400854588           -0.040964670479
            0.408331274986           -0.040948607028
            0.405265331268           -0.040929775685
            0.402203142643           -0.040908195078
            0.399144828320           -0.040883883834
            0.396090447903           -0.040856856853
            0.393040180206           -0.040827125311
            0.389994144440           -0.040794707835
            0.386952430010           -0.040759630501
            0.383915185928           -0.040721904486
            0.380882531404           -0.040681555867
            0.377854943275           -0.040638595819
            0.374833017588           -0.040593042970
            0.371817320585           -0.040544912219
            0.368808031082           -0.040494225919
            0.365805208683           -0.040441006422
            0.362809002399           -0.040385276079
            0.359819531441           -0.040327057242
            0.356836795807           -0.040266379714
            0.353860914707           -0.040203265846
            0.350892007351           -0.040137745440
            0.347930073738           -0.040069833398
            0.344975233078           -0.039999574423
            0.342027485371           -0.039926987141
            0.339086949825           -0.039852105081
            0.336153686047           -0.039774958044
            0.333227664232           -0.039695575833
            0.330308973789           -0.039613991976
            0.327397704124           -0.039530236274
            0.324493825436           -0.039444345981
            0.321597456932           -0.039356354624
            0.318708598614           -0.039266295731
            0.315827250481           -0.039174206555
            0.312953472137           -0.039080128074
            0.310087352991           -0.038984097540
            0.307228922844           -0.038886144757
            0.304378151894           -0.038786314428
            0.301535159349           -0.038684643805
            0.298699975014           -0.038581177592
            0.295872569084           -0.038475953043
            0.293053060770           -0.038369011134
            0.290241509676           -0.038260400295
            0.287437945604           -0.038150154054
            0.284642398357           -0.038038320839
            0.281854987144           -0.037924945354
            0.279075682163           -0.037810064852
            0.276304602623           -0.037693716586
            0.273541808128           -0.037575945258
            0.270787388086           -0.037456773221
            0.268041372299           -0.037336252630
            0.265303909779           -0.037214417011
            0.262575000525           -0.037091314793
            0.259854733944           -0.036966979504
            0.257143199444           -0.036841452122
            0.254440546036           -0.036714777350
            0.251746773720           -0.036586988717
            0.249062031507           -0.036458134651
            0.246386408806           -0.036328256130
            0.243719980121           -0.036197401583
            0.241062849760           -0.036065600812
            0.238415122032           -0.035932909697
            0.235776871443           -0.035799369216
            0.233148247004           -0.035665012896
            0.230529367924           -0.035529892892
            0.227920264006           -0.035394053906
            0.225321099162           -0.035257533193
            0.222731977701           -0.035120382905
            0.220152974129           -0.034982621670
            0.217584252357           -0.034844264388
            0.215025871992           -0.034705303609
            0.212477967143           -0.034565731883
            0.209940642118           -0.034425530583
            0.207413986325           -0.034284703434
            0.204898118973           -0.034143235534
            0.202393203974           -0.034001119435
            0.199899315834           -0.033858351409
            0.197416499257           -0.033714920282
            0.194944918156           -0.033570818603
            0.192484706640           -0.033426038921
            0.190035969019           -0.033280570060
            0.187598794699           -0.033134408295
            0.185173258185           -0.032987542450
            0.182759523392           -0.032839965075
            0.180357679725           -0.032691664994
            0.177967831492           -0.032542638481
            0.175590097904           -0.032392881811
            0.173224583268           -0.032242376357
            0.170871376991           -0.032091118395
            0.168530553579           -0.031939107925
            0.166202291846           -0.031786322594
            0.163886681199           -0.031632766128
            0.161583781242           -0.031478419900
            0.159293711185           -0.031323283911
            0.157016634941           -0.031167346984
            0.154752612114           -0.031010603532
            0.152501672506           -0.030853044242
            0.150263965130           -0.030694659799
            0.148039638996           -0.030535440892
            0.145828753710           -0.030375383794
            0.143631428480           -0.030214475468
            0.141447722912           -0.030052712187
            0.139277726412           -0.029890086502
            0.137121587992           -0.029726587236
            0.134979367256           -0.029562203214
            0.132851168513           -0.029396936297
            0.130737081170           -0.029230771586
            0.128637224436           -0.029063697904
            0.126551643014           -0.028895709664
            0.124480441213           -0.028726801276
            0.122423730791           -0.028556967154
            0.120381578803           -0.028386196122
            0.118354067206           -0.028214478865
            0.116341337562           -0.028041802347
            0.114343434572           -0.027868162841
            0.112360447645           -0.027693554759
            0.110392458737           -0.027517970651
            0.108439549804           -0.027341395617
            0.106501832604           -0.027163822204
            0.104579359293           -0.026985242963
            0.102672234178           -0.026805654168
            0.100780531764           -0.026625040919
            0.098904311657           -0.026443397626
            0.097043663263           -0.026260714978
            0.095198705792           -0.026076983660
            0.093369483948           -0.025892190635
            0.091556072235           -0.025706330314
            0.089758560061           -0.025519395247
            0.087977021933           -0.025331374258
            0.086211510003           -0.025142259896
            0.084462136030           -0.024952039123
            0.082728937268           -0.024760704488
            0.081011988223           -0.024568244815
            0.079311415553           -0.024374650791
            0.077627263963           -0.024179911241
            0.075959563255           -0.023984016851
            0.074308410287           -0.023786956444
            0.072673887014           -0.023588720709
            0.071056067944           -0.023389296606
            0.069455005229           -0.023188672960
            0.067870765924           -0.022986840457
            0.066303387284           -0.022783786058
            0.064752958715           -0.022579502314
            0.063219577074           -0.022373968735
            0.061703298241           -0.022167176008
            0.060204125941           -0.021959118545
            0.058722168207           -0.021749775857
            0.057257518172           -0.021539133042
            0.055810160935           -0.021327184513
            0.054380178452           -0.021113911644
            0.052967675030           -0.020899299532
            0.051572684199           -0.020683333278
            0.050195246935           -0.020465999842
            0.048835426569           -0.020247284323
            0.047493286431           -0.020027168095
            0.046168893576           -0.019805636257
            0.044862277806           -0.019582673907
            0.043573498726           -0.019358260557
            0.042302630842           -0.019132379442
            0.041049700230           -0.018905013800
            0.039814766496           -0.018676143140
            0.038597900420           -0.018445746973
            0.037399128079           -0.018213804811
            0.036218483001           -0.017980301753
            0.035056032240           -0.017745211720
            0.033911846578           -0.017508510500
            0.032785952091           -0.017270177603
            0.031678378582           -0.017030190676
            0.030589189380           -0.016788525507
            0.029518457130           -0.016545154154
            0.028466178104           -0.016300052404
            0.027432393283           -0.016053192317
            0.026417197660           -0.015804547817
            0.025420587510           -0.015554087237
            0.024442601949           -0.015301784500
            0.023483281955           -0.015047609806
            0.022542688996           -0.014791525900
            0.021620891988           -0.014533501118
            0.020717855543           -0.014273507521
            0.019833642989           -0.014011505060
            0.018968312070           -0.013747457415
            0.018121879548           -0.013481330127
            0.017294354737           -0.013213086873
            0.016485795379           -0.012942682952
            0.015696281567           -0.012670077384
            0.014925803058           -0.012395231053
            0.014174368232           -0.012118101120
            0.013442032970           -0.011838642880
            0.012728803791           -0.011556811631
            0.012034732848           -0.011272559874
            0.011359873228           -0.010985837318
            0.010704209097           -0.010696598329
            0.010067789815           -0.010404790752
            0.009450642392           -0.010110365227
            0.008852749132           -0.009813271463
            0.008274156600           -0.009513456374
            0.007714934647           -0.009210860357
            0.007175086066           -0.008905431256
            0.006654587574           -0.008597120643
            0.006153483409           -0.008285867982
            0.005671820138           -0.007971616462
            0.005209618248           -0.007654309738
            0.004766850732           -0.007333897520
            0.004343536682           -0.007010322995
            0.003939742222           -0.006683527026
            0.003555484582           -0.006353456061
            0.003190757008           -0.006020058412
            0.002845552750           -0.005683283322
            0.002519887174           -0.005343078636
            0.002213798231           -0.004999392666
            0.001927322941           -0.004652176518
            0.001660428243           -0.004301388282
            0.001413126476           -0.003946985118
            0.001185451867           -0.003588925116
            0.000977392308           -0.003227175679
            0.000788981211           -0.002861705143
            0.000620227889           -0.002492483938
            0.000471117237           -0.002119484590
            0.000341656909           -0.001742684050
            0.000231854079           -0.001362068346
            0.000141740078           -0.000977646559
            0.000071334121           -0.000589884236
            0.000020528005           -0.000197640518
            0.000006488519            0.000199784074
            0.000029319270            0.000599383609
            0.000071866380            0.001000635326
            0.000134131333            0.001404667273
            0.000216102257            0.001810986665
            0.000317770056            0.002219545655
            0.000439125055            0.002630311996
            0.000580156746            0.003043254372
            0.000740854070            0.003458341118
            0.000921205152            0.003875532188
            0.001121197245            0.004294781014
            0.001340816962            0.004716040567
            0.001580050332            0.005139260553
            0.001838882454            0.005564389285
            0.002117297612            0.005991373677
            0.002415279392            0.006420157384
            0.002732811030            0.006850681733
            0.003069875063            0.007282888051
            0.003426452633            0.007716715802
            0.003802524181            0.008152103052
            0.004198070616            0.008588984609
            0.004613070283            0.009027298540
            0.005047502462            0.009466979653
            0.005501345266            0.009907963686
            0.005974575877            0.010350186378
            0.006467170082            0.010793583468
            0.006979104131            0.011238093488
            0.007510353811            0.011683650315
            0.008060892113            0.012130192481
            0.008630693890            0.012577658519
            0.009219731204            0.013025986962
            0.009827977046            0.013475118205
            0.010455403477            0.013924992643
            0.011101979762            0.014375552535
            0.011767677963            0.014826741070
            0.012452467345            0.015278501436
            0.013156315312            0.015730779618
            0.013879191130            0.016183525324
            0.014621062204            0.016636680812
            0.015382101759            0.017090197653
            0.016162827611            0.017544027418
            0.016963053495            0.017998116091
            0.017782241106            0.018452422693
            0.018620356917            0.018906900659
            0.019477367401            0.019361503422
            0.020353235304            0.019816191867
            0.021247927099            0.020270921290
            0.022161405534            0.020725648850
            0.023093629628            0.021180335432
            0.024044563994            0.021634945646
            0.025014169514            0.022089436650
            0.026002405211            0.022543776780
            0.027009230107            0.022997925058
            0.028034605086            0.023451849818
            0.029078487307            0.023905515671
            0.030140835792            0.024358890951
            0.031221602112            0.024811943993
            0.032321445644            0.025264641270
            0.033440358937            0.025716952980
            0.034577637911            0.026168851182
            0.035733222961            0.026620306075
            0.036907069385            0.027071289718
            0.038099125028            0.027521777898
            0.039309352636            0.027971740812
            0.040537700057            0.028421152383
            0.041784118861            0.028869990259
            0.043048556894            0.029318224639
            0.044330965728            0.029765838757
            0.045631289482            0.030212802812
            0.046949487180            0.030659094453
            0.048285610974            0.031104695052
            0.049640007317            0.031549580395
            0.051012523472            0.031993731856
            0.052402727306            0.032437123358
            0.053810566664            0.032879732549
            0.055235989392            0.033321548253
            0.056678928435            0.033762544394
            0.058139339089            0.034202702343
            0.059617154300            0.034642010927
            0.061112321913            0.035080440342
            0.062624774873            0.035517975688
            0.064154461026            0.035954602063
            0.065701372921            0.036390297115
            0.067265719175            0.036825053394
            0.068847380579            0.037258841097
            0.070446044207            0.037691652775
            0.072061657906            0.038123469800
            0.073694154620            0.038554277271
            0.075343452394            0.038984056562
            0.077009499073            0.039412789047
            0.078692227602            0.039840463549
            0.080391570926            0.040267065167
            0.082107454538            0.040692582726
            0.083839841187            0.041116990149
            0.085588827729            0.041540283710
            0.087354339659            0.041962444782
            0.089136131108            0.042383454740
            0.090934135020            0.042803309858
            0.092748284340            0.043221987784
            0.094578504562            0.043639473617
            0.096424713731            0.044055759907
            0.098286837339            0.044470831752
            0.100164823234            0.044884674251
            0.102058589458            0.045297272503
            0.103968113661            0.045708619058
            0.105893388391            0.046118695289
            0.107834249735            0.046527490020
            0.109790585935            0.046934988350
            0.111762329936            0.047341182828
            0.113749392331            0.047746054828
            0.115751706064            0.048149600625
            0.117769181728            0.048551797867
            0.119801737368            0.048952635378
            0.121849305928            0.049352105707
            0.123911827803            0.049750197679
            0.125989258289            0.050146896392
            0.128081470728            0.050542186946
            0.130188375711            0.050936058164
            0.132309854031            0.051328502595
            0.134445875883            0.051719509065
            0.136596322060            0.052109055221
            0.138761103153            0.052497141063
            0.140940144658            0.052883751690
            0.143133372068            0.053268868476
            0.145340681076            0.053652483970
            0.147561967373            0.054034590721
            0.149797201157            0.054415173829
            0.152046233416            0.054794222116
            0.154309004545            0.055171720684
            0.156585454941            0.055547662079
            0.158875480294            0.055922031403
            0.161178991199            0.056294821203
            0.163495868444            0.056666012853
            0.165826037526            0.057035602629
            0.168169409037            0.057403571904
            0.170525908470            0.057769916952
            0.172895401716            0.058134619147
            0.175277829170            0.058497667313
            0.177673056722            0.058859050274
            0.180081009865            0.059218764305
            0.182501614094            0.059576787055
            0.184934765100            0.059933114797
            0.187380343676            0.060287728906
            0.189838260412            0.060640618205
            0.192308425903            0.060991778970
            0.194790750742            0.061341188848
            0.197285115719            0.061688840389
            0.199791431427            0.062034718692
            0.202309608459            0.062378823757
            0.204839527607            0.062721133232
            0.207381114364            0.063061624765
            0.209934234619            0.063400305808
            0.212498813868            0.063737154007
            0.215074762702            0.064072161913
            0.217661947012            0.064405307174
            0.220260277390            0.064736589789
            0.222869634628            0.065065979958
            0.225489959121            0.065393418074
            0.228121116757            0.065718844533
            0.230763003230            0.066042192280
            0.233415514231            0.066363401711
            0.236078560352            0.066682405770
            0.238752022386            0.066999137402
            0.241435796022            0.067313537002
            0.244129776955            0.067625537515
            0.246833860874            0.067935079336
            0.249547928572            0.068242095411
            0.252271890640            0.068546518683
            0.255005627871            0.068848274648
            0.257749050856            0.069147311151
            0.260502040386            0.069443568587
            0.263264477253            0.069736972451
            0.266036242247            0.070027470589
            0.268817245960            0.070314995944
            0.271607398987            0.070599481463
            0.274406552315            0.070880860090
            0.277214646339            0.071159079671
            0.280031502247            0.071434073150
            0.282857060432            0.071705773473
            0.285691171885            0.071974143386
            0.288533747196            0.072239100933
            0.291384667158            0.072500616312
            0.294243812561            0.072758629918
            0.297111123800            0.073013082147
            0.299986422062            0.073263928294
            0.302869617939            0.073511123657
            0.305760562420            0.073754616082
            0.308659225702            0.073994353414
            0.311565428972            0.074230290949
            0.314479053020            0.074462383986
            0.317400038242            0.074690587819
            0.320328176022            0.074914842844
            0.323263466358            0.075135126710
            0.326205670834            0.075351372361
            0.329154789448            0.075563549995
            0.332110643387            0.075771629810
            0.335073113441            0.075975552201
            0.338042080402            0.076175272465
            0.341017484665            0.076370775700
            0.343999117613            0.076562002301
            0.346986949444            0.076748922467
            0.349980771542            0.076931506395
            0.352980554104            0.077109709382
            0.355986118317            0.077283494174
            0.358997404575            0.077452838421
            0.362014234066            0.077617697418
            0.365036517382            0.077778056264
            0.368064135313            0.077933862805
            0.371096968651            0.078085109591
            0.374134838581            0.078231744468
            0.377177715302            0.078373759985
            0.380225419998            0.078511118889
            0.383277893066            0.078643798828
            0.386334955692            0.078771770000
            0.389396488667            0.078895017505
            0.392462432384            0.079013511539
            0.395532578230            0.079127229750
            0.398606866598            0.079236157238
            0.401685148478            0.079340271652
            0.404767304659            0.079439558089
            0.407853245735            0.079533994198
            0.410942792892            0.079623557627
            0.414035856724            0.079708248377
            0.417132347822            0.079788036644
            0.420232087374            0.079862914979
            0.423334985971            0.079932868481
            0.426440894604            0.079997889698
            0.429549753666            0.080057963729
            0.432661354542            0.080113090575
            0.435775578022            0.080163255334
            0.438892394304            0.080208435655
            0.442011594772            0.080248653889
            0.445133119822            0.080283880234
            0.448256790638            0.080314129591
            0.451382517815            0.080339401960
            0.454510122538            0.080359652638
            0.457639545202            0.080374896526
            0.460770666599            0.080385163426
            0.463903307915            0.080390438437
            0.467037379742            0.080390706658
            0.470172733068            0.080385990441
            0.473309278488            0.080376282334
            0.476446866989            0.080361589789
            0.479585409164            0.080341920257
            0.482724785805            0.080317258835
            0.485864788294            0.080287642777
            0.489005386829            0.080253064632
            0.492146372795            0.080213531852
            0.495287716389            0.080169051886
            0.498429208994            0.080119639635
            0.501570820808            0.080065310001
            0.504712343216            0.080006062984
            0.507853627205            0.079941928387
            0.510994672775            0.079872898757
            0.514135241508            0.079798996449
            0.517275214195            0.079720243812
            0.520414590836            0.079636663198
            0.523553133011            0.079548247159
            0.526690721512            0.079455025494
            0.529827237129            0.079357020557
            0.532962620258            0.079254247248
            0.536096692085            0.079146727920
            0.539229393005            0.079034477472
            0.542360424995            0.078917518258
            0.545489907265            0.078795865178
            0.548617482185            0.078669562936
            0.551743209362            0.078538611531
            0.554866909981            0.078403055668
            0.557988405228            0.078262895346
            0.561107575893            0.078118175268
            0.564224362373            0.077968910336
            0.567338705063            0.077815137804
            0.570450305939            0.077656865120
            0.573559105396            0.077494144440
            0.576665043831            0.077326983213
            0.579767882824            0.077155418694
            0.582867622375            0.076979480684
            0.585964143276            0.076799198985
            0.589057207108            0.076614603400
            0.592146754265            0.076425716281
            0.595232725143            0.076232582331
            0.598314881325            0.076035216451
            0.601393163204            0.075833678246
            0.604467451572            0.075627975166
            0.607537627220            0.075418166816
            0.610603451729            0.075204290450
            0.613665044308            0.074986390769
            0.616722106934            0.074764512479
            0.619774580002            0.074538700283
            0.622822284698            0.074308991432
            0.625865161419            0.074075385928
            0.628903031349            0.073837868869
            0.631935834885            0.073596410453
            0.634963512421            0.073350973427
            0.637985765934            0.073101535439
            0.641002595425            0.072848074138
            0.644013881683            0.072590544820
            0.647019386292            0.072328925133
            0.650019168854            0.072063192725
            0.653013050556            0.071793317795
            0.656000852585            0.071519270539
            0.658982515335            0.071241050959
            0.661957919598            0.070958636701
            0.664926886559            0.070672005415
            0.667889356613            0.070381134748
            0.670845210552            0.070086039603
            0.673794269562            0.069786697626
            0.676736593246            0.069483116269
            0.679671823978            0.069175280631
            0.682600021362            0.068863213062
            0.685520946980            0.068546906114
            0.688434600830            0.068226382136
            0.691340804100            0.067901648581
            0.694239377975            0.067572727799
            0.697130382061            0.067239642143
            0.700013577938            0.066902421415
            0.702888846397            0.066561080515
            0.705756187439            0.066215656698
            0.708615303040            0.065866187215
            0.711466312408            0.065512716770
            0.714308857918            0.065155282617
            0.717142939568            0.064793914557
            0.719968497753            0.064428679645
            0.722785353661            0.064059615135
            0.725593447685            0.063686788082
            0.728392601013            0.063310235739
            0.731182694435            0.062930032611
            0.733963727951            0.062546223402
            0.736735582352            0.062158860266
            0.739498019218            0.061768025160
            0.742250919342            0.061373777688
            0.744994401932            0.060976177454
            0.747728109360            0.060575291514
            0.750452101231            0.060171186924
            0.753166198730            0.059763938189
            0.755870223045            0.059353604913
            0.758564233780            0.058940269053
            0.761247992516            0.058523990214
            0.763921439648            0.058104850352
            0.766584515572            0.057682909071
            0.769237041473            0.057258248329
            0.771878898144            0.056830935180
            0.774510025978            0.056401044130
            0.777130365372            0.055968649685
            0.779739737511            0.055533822626
            0.782338082790            0.055096630007
            0.784925341606            0.054657150060
            0.787501275539            0.054215453565
            0.790065884590            0.053771615028
            0.792618989944            0.053325705230
            0.795160531998            0.052877783775
            0.797690510750            0.052427940071
            0.800208687782            0.051976233721
            0.802715063095            0.051522739232
            0.805209398270            0.051067523658
            0.807691752911            0.050610654056
            0.810161948204            0.050152201205
            0.812619924545            0.049692235887
            0.815065503120            0.049230828881
            0.817498683929            0.048768043518
            0.819919347763            0.048303939402
            0.822327375412            0.047838594764
            0.824722647667            0.047372072935
            0.827105164528            0.046904437244
            0.829474687576            0.046435754746
            0.831831216812            0.045966088772
            0.834174692631            0.045495495200
            0.836504936218            0.045024048537
            0.838822007179            0.044551812112
            0.841125607491            0.044078841805
            0.843415856361            0.043605208397
            0.845692515373            0.043130964041
            0.847955465317            0.042656175792
            0.850204706192            0.042180903256
            0.852440118790            0.041705209762
            0.854661703110            0.041229151189
            0.856869161129            0.040752794594
            0.859062552452            0.040276192129
            0.861241817474            0.039799407125
            0.863406777382            0.039322495461
            0.865557432175            0.038845516741
            0.867693603039            0.038368538022
            0.869815289974            0.037891604006
            0.871922373772            0.037414781749
            0.874014794827            0.036938123405
            0.876092433929            0.036461696029
            0.878155291080            0.035985551775
            0.880203247070            0.035509742796
            0.882236123085            0.035034332424
            0.884253978729            0.034559376538
            0.886256575584            0.034084938467
            0.888243973255            0.033611059189
            0.890215992928            0.033137813210
            0.892172694206            0.032665248960
            0.894113838673            0.032193422318
            0.896039485931            0.031722396612
            0.897949576378            0.031252223998
            0.899843990803            0.030782962218
            0.901722550392            0.030314669013
            0.903585255146            0.029847402126
            0.905432045460            0.029381219298
            0.907262802124            0.028916180134
            0.909077465534            0.028452336788
            0.910875976086            0.027989752591
            0.912658274174            0.027528483421
            0.914424359798            0.027068588883
            0.916174173355            0.026610126719
            0.917907595634            0.026153154671
            0.919624447823            0.025697734207
            0.921324729919            0.025243926793
            0.923008441925            0.024791788310
            0.924675345421            0.024341378361
            0.926325440407            0.023892764002
            0.927958726883            0.023446001112
            0.929575145245            0.023001153022
            0.931174576283            0.022558279335
            0.932757139206            0.022117443383
            0.934322714806            0.021678712219
            0.935871124268            0.021242141724
            0.937402367592            0.020807802677
            0.938916265965            0.020375754684
            0.940412819386            0.019946068525
            0.941891908646            0.019518803805
            0.943353652954            0.019094027579
            0.944797754288            0.018671810627
            0.946224272251            0.018252218142
            0.947633147240            0.017835317180
            0.949024379253            0.017421178520
            0.950398027897            0.017009869218
            0.951754093170            0.016601458192
            0.953092277050            0.016196019948
            0.954412579536            0.015793627128
            0.955714941025            0.015394347720
            0.956999182701            0.014998256229
            0.958265304565            0.014605427161
            0.959513366222            0.014215935022
            0.960743188858            0.013829855248
            0.961954832077            0.013447264209
            0.963148176670            0.013068236411
            0.964323163033            0.012692851946
            0.965479731560            0.012321189046
            0.966618001461            0.011953325942
            0.967738032341            0.011589342728
            0.968839883804            0.011229317635
            0.969923019409            0.010873336345
            0.970987677574            0.010521480814
            0.972033619881            0.010173832066
            0.973060727119            0.009830474854
            0.974069237709            0.009491492063
            0.975058913231            0.009156971239
            0.976029753685            0.008826996200
            0.976981759071            0.008501654491
            0.977914869785            0.008181031793
            0.978829085827            0.007865215652
            0.979724347591            0.007554294541
            0.980600595474            0.007248356938
            0.981457829475            0.006947491318
            0.982295989990            0.006651787087
            0.983115077019            0.006361332722
            0.983915209770            0.006076218560
            0.984696388245            0.005796533078
            0.985458493233            0.005522367544
            0.986201286316            0.005253811367
            0.986924886703            0.004990954883
            0.987629115582            0.004733887967
            0.988314032555            0.004482699558
            0.988979697227            0.004237478599
            0.989625930786            0.003998313565
            0.990252852440            0.003765292699
            0.990860342979            0.003538503312
            0.991448402405            0.003318031784
            0.992017030716            0.003103964031
            0.992566168308            0.002896384336
            0.993095874786            0.002695376286
            0.993606150150            0.002501021605
            0.994096875191            0.002313401550
            0.994568109512            0.002132594585
            0.995019793510            0.001958678477
            0.995451927185            0.001791728660
            0.995864510536            0.001631818712
            0.996257543564            0.001479020226
            0.996631026268            0.001333402237
            0.996984839439            0.001195031684
            0.997319102287            0.001063972595
            0.997633695602            0.000940286671
            0.997928738594            0.000824032584
            0.998204112053            0.000715266273
            0.998459875584            0.000614040240
            0.998695969582            0.000520404021
            0.998912453651            0.000434404035
            0.999109268188            0.000356082775
            0.999286413193            0.000285479240
            0.999443888664            0.000222628994
            0.999581694603            0.000167564198
            0.999699771404            0.000120313314
            0.999798178673            0.000080900660
            0.999876976013            0.000049346410
            0.999936044216            0.000025666668
            0.999975383282            0.000009873491
            0.999995052814            0.000001974899
